2 2
1 10
5 5
5 1
1 1

5 2
1 5
2 4
1 3
2 2
1 2
4 2
1 3
4

5 2
1 3
1 2
1 5
2 2
2 4
3 2
1 2
4

4 2
1 3
2 3
3 4
2 4
1 8
4 2
3

2 2
1 10
6 6
6 1
7 1

3 3
1 3
2 3
3 3
1 1
2 2
3 3

2 2
1 10
6 6
6 1
7 1

2 2
50 60
1 100
60 1
50 1

2 2
1 100
50 60
50 1
60 1

5 1
1 10000000000000000
1 10000000000000000
1 10000000000000000
10000000000000000 10000000000000000
10000000000000000 10000000000000001
10000000000000000 6

5 2
1 3
1 2
1 5
2 2
2 4
1 3
4 2

2 2
1 5
2 4
1 1
2 1

4 2
1 3
2 3
3 4
2 4
1 8
4 2
3




4
5 2
1 2
2 4
1 3
2 5
3 4
4 2
5 1
3