5 6 2 2 1 0 2 2
30 100 20 0 15 10 18 20
1000000000 1000000000 0 0 0 0 1 1
1000000000 1000000000 0 0 0 0 0 

5 6 2 2 0 0 3 2
5 6 0 2 2 0 3 2
3 1 1 0 0 0 1 1
5 6 3 1 0 0 0 0
1000000000 1000000000 0 0 0 0 0 0
5 6 3 1 0 0 0 0
5 6 3 2 0 0 2 2
5 6 2 2 0 0 3 2
1000000000
1000000000 1000000000 0 0 0 0 1000000000 1000000000
1000000000 1000000000 10 0 0 0 999999990 999999990

4 5 4 0 0 0 1 1
12 12 7 3 3 1 6 2
3 13 1 0 1 8 2 12
5 6 2 2 1 1 3 2

3 13 1 0 1 8 2 12
12 12 7 3 3 1 6 2
3 13 1 0 1 8 2 12
5 6 2 2 1 1 3 2