10 5
5432154321
55432

10 4
4177252841
775841

10 5
5432154321
55432

5 3
43344
44

10 5
4444455555
55555

5 2
54321
543

8 3
99999991
99999

10 4
1212121212
222212

7 2
9999876
99998

8 3
12123123
23123

8 3
12121212
22212

7 5
1009001
91

7 5
1000001
11

7 5
1111091
91

7 4
1111091
191

2 1
91
9

2 1
90
9

3 2
901
9

6 2
391123
9123

6 4
198794
답 : 99

6 2
436436
6436

6 2
391123
//output : 9123

6 2
436436
//output : 6436

7 3
7654321
//output : 7654

6 2
362514
//output : 6514

120 4
123813982189081241941284818948189498149184164271641274261231231235325345778658569776756577456452412414242343892482398389
83982189081241941284818948189498149184164271641274261231231235325345778658569776756577456452412414242343892482398389

4 2
9879
답 99

10 4
7898111101
답 : 981111

10 4
7898111102
답 : 981112

10 5
9993333932
답 : 99993

10 5
9993333912
답 : 99992

5 3
98291
답 : 99

6 3
988291
답 : 991

10 4
9876543333
답 : 987654

10 4
9876334533
답 : 987653

6 2
321123
3223

9 3
543211211
ans : 543221

5 1
54321
ans: 5432

6 2
999899
ans: 9999

7 3
3222222
ans) 3222

4 2
1924
//answer : 94

7 3
1231234
//answer : 3234

10 4
4177252841
//answer : 775841

6 2
391123
//answer : 9123

6 2
436436
//answer: 6436

7 3
7654321
//answer: 7654

6 2
362514
//answer : 6514

2 1
19
//answer : 9

4 2
1324
//answer : 34

4 1
8849
//answer: 889

8 2
15446321
//answer : 546321

7 5
9929191
//answer : 99

5 3
99291
//answer : 99

6 3
773671
//answer : 777

4 2
9879
//answer : 99

10 3
2222211113
//answer : 2222213