19 20169
240 2560 434 6 31 577 500 2715 2916 952 2490 258 1983 1576 3460 933 1660 2804 2584
82 77 81 0 36 6 53 78 49 82 82 33 66 8 60 0 98 91 93

2 50
10 50
1 100

19 20169
240 2560 434 6 31 577 500 2715 2916 952 2490 258 1983 1576 3460 933 1660 2804 2584
82 77 81 0 36 6 53 78 49 82 82 33 66 8 60 0 98 91 93

24 1
1 2 4 8 16 32 64 128 256 512 1024 2048 4096 8192 16384 32768 65536 131072 262144 524288 1048576 2097152 4194304 8388608
1 1 1 1 1 1 1 1 1 1 1 1 1 1 1 1 1 1 1 1 1 1 1 1


7 120
20 91 92 93 94 95 100
1 2 2 2 2 2 2

5 100
20 20 20 20 20
0 0 0 0 0

5 60
30 10 20 35 40
3 0 3 5 4